1 6.389791 2.277495 0.569768 93.077294 -1.796606 -160.244764 0.087035 26 405 476 498 499
3 2.092487 3.082110 0.933071 120.813831 8.607460 66.921658 0.179750 14 23 423 479 481
5 4.514086 5.358701 0.774237 96.876907 6.702134 89.803343 0.255316 6 7 457 460 463
6 2.619409 8.317482 1.315982 87.141118 -30.273130 172.863654 0.272568 6 432 436 439
7 4.549485 5.299411 0.462595 -94.014350 1.000065 -81.331149 0.018942 122 5 23 406 408 412 420 421 422 441 444 448 451 454 457 460 463 484 485 486 491 493 494 495
10 5.695309 3.270961 0.662649 -87.079326 3.265601 90.976539 0.006895 302 444 457 460 463 467 468 470 473 474 478 482 484 485 486 832
23 1.998676 3.262695 0.539465 89.970090 6.586315 85.903891 0.012457 180 3 401 407 411 414 423 464 470 475 479 480 481 483
401 3.881243 4.759729 0.152601 2.929010 -1.120738 -171.566597 0.010550 216 23 29 402 403 404 407 411 417 419 465 466 479 481 832
402 2.474368 5.288388 0.144610 2.491316 6.308137 92.552734 0.009595 222 401 403 404 407 409 410 465 466 481 486 832
403 3.804870 5.432694 0.102469 0.773889 4.525880 95.901649 0.009751 236 29 401 402 404 407 409 411 419 465 466 481 486 832
404 2.405557 6.012914 0.112971 4.310987 0.064574 93.170349 0.009356 240 401 402 403 407 408 409 410 428 439 465 466 481 484 486 832
405 6.019828 3.437231 -0.061675 -3.660445 0.029280 179.993517 0.021036 96 1 406 425 476 491 492 498 499
406 6.000720 4.791568 0.029431 2.819659 0.096558 1.973539 0.018177 122 7 405 412 422 425 448 451 454 457 460 463 491 492 493 494 498
407 3.235669 4.670297 0.185318 2.824336 -1.260241 -176.650937 0.036216 56 23 401 402 403 404 411 466 479 481 832
408 3.731455 6.822361 0.063201 -4.278444 3.007884 -84.186632 0.013299 206 7 404 409 410 421 422 428 432 436 439 441 444 465 484 485 486 495
409 3.036136 6.773500 0.127159 4.656796 -2.032060 95.564291 0.010695 204 29 402 403 404 408 410 428 432 434 439 465 484 485 486
410 2.345543 6.696596 0.173205 -6.901584 0.977941 -85.848941 0.009882 238 402 404 408 409 428 432 439 465 466 484 486
411 3.242653 4.083269 0.218201 -1.987724 1.371723 2.295690 0.011265 194 23 401 403 407 414 417 419 423 466 479 481 832
412 5.990814 5.447488 -0.043883 1.393506 -0.611405 0.697312 0.019459 114 7 23 406 421 422 425 448 451 454 457 484 485 486 491 492 493 494 495
413 6.037761 10.213229 -0.028317 -3.130492 3.137526 -179.256800 0.022291 114 415 424 426 427 429 430 431 440 445 452 453 455 471 487 488 497 500
414 3.226319 3.450415 0.229230 0.964050 -3.030453 -173.982785 0.015454 136 23 411 423 475 479 832
415 6.025147 9.477080 0.060269 0.914655 0.491135 0.549324 0.027813 78 413 416 427 431 435 445 488 490 497
416 6.025643 8.816061 0.037638 1.218905 -0.072715 -2.530108 0.036213 58 7 415 418 428 431 435 437 438 489 490 497
417 4.035454 3.551856 0.200817 4.084199 0.915745 -168.630004 0.047523 44 401 411 419 481 832
418 6.005166 8.172735 -0.009691 -0.169986 5.955155 -90.279343 0.036252 70 7 416 420 428 435 437 438 441 489 490 497
419 3.930714 4.211986 0.173127 -3.421607 1.429684 6.639745 0.051445 42 401 403 411 417 466 481 832
420 5.975462 7.488611 -0.005397 -2.259311 -3.930606 177.534613 0.031631 82 7 418 421 422 428 432 437 438 441 444 484 486 489 494 495 496
421 6.003651 6.777974 -0.037352 4.149838 0.197804 -1.104615 0.014264 154 7 408 412 420 422 428 432 441 444 448 484 486 493 494 495 496
422 6.004321 6.086992 -0.065912 -0.263658 -2.753576 0.616489 0.016130 138 7 23 406 408 412 420 421 444 448 451 454 484 485 486 492 493 494 495 496
423 2.548239 3.397847 0.257924 -1.879851 3.970149 4.582169 0.007259 320 3 23 411 414 464 475 479 481 483 832
424 5.332312 10.985095 0.086255 -18.296166 1.023675 -177.901975 0.020110 110 413 426 427 429 430 440 442 443 445 449 452 453 455 462 469 471 487 500
425 6.014959 4.107029 -0.017444 5.416546 0.725421 2.892313 0.026953 74 405 406 412 457 463 491 492 493 498 499
426 6.071839 12.396107 -0.035202 6.443195 -0.853326 1.742519 0.006802 108 413 424 429 430 440 452 471 472 487 488 500
427 5.324166 10.232087 0.065371 18.325420 23.427612 -85.547843 0.022978 118 413 415 424 429 430 431 440 442 443 445 446 447 449 452 453 455 462 469 487 488 497
428 4.436422 7.563184 0.062345 -23.980382 -2.771948 -178.199923 0.017108 150 404 408 409 410 418 420 421 432 434 435 436 437 438 439 441 448 450 465 484 485 486 490
429 6.023965 11.666194 -0.003397 4.597027 3.228244 -0.686533 0.021504 98 413 424 426 427 430 440 452 456 471 472 487 488 500
430 6.018741 10.962538 -0.047826 -3.629712 -2.529962 179.916044 0.019370 108 413 424 426 427 429 440 452 453 455 471 472 487 488 500
431 5.347594 9.434989 0.026269 3.333203 -6.479722 91.387737 0.047087 46 413 415 416 427 435 445 488 490 497
432 3.689010 7.520454 0.135642 -10.392143 -9.640486 -175.380573 0.011418 198 6 408 409 410 420 421 428 434 435 436 437 438 439 441 485 486
433 3.833610 8.819162 0.195791 4.283266 1.627713 1.422189 0.041375 48 6 436 438 446 447 450
434 3.076553 8.148803 0.291626 8.486134 6.167922 1.424588 0.033399 62 409 428 432 435 436 437 438 439 441 450
435 5.341905 8.777035 0.044857 -0.679226 2.934885 -88.973906 0.040732 54 7 415 416 418 428 431 432 434 436 437 438 441 489 490 497
436 3.727360 8.189017 0.219578 -8.626705 -6.196922 -177.516442 0.024091 90 6 408 428 432 433 434 435 437 438 439 441 450 486
437 5.324665 8.146918 0.024552 3.086495 4.126789 -88.644304 0.053793 44 7 416 418 420 428 432 434 435 436 438 441 450 489 490
438 4.551952 8.187453 0.060588 -3.916720 -1.162622 179.314444 0.031221 70 416 418 420 428 432 433 434 435 436 437 441 450 485 486 489 490
439 3.001722 7.449807 0.198929 2.832839 6.613801 4.867497 0.014336 152 6 404 408 409 410 428 432 434 436 441 450 485 486
440 5.326549 11.642850 0.168828 -11.636209 -3.187473 -177.932330 0.012229 178 413 424 426 427 429 430 452 453 455 456 459 461 471 472 487 500
441 5.309570 7.484130 -0.014585 1.156563 8.119135 -89.317253 0.032119 74 7 408 418 420 421 428 432 434 435 436 437 438 439 444 484 485 486 489 490 495 496
442 3.179080 10.157362 0.282765 3.369327 3.098936 0.997658 0.017198 128 424 427 443 445 446 447 449 455 458 459 461 462 469
443 3.847736 10.141554 0.244391 1.450795 -6.532437 -177.408150 0.046773 46 424 427 442 445 446 447 455 456 458 459 461 462 469
444 5.318944 6.749528 -0.040214 0.154769 -3.514029 89.992585 0.022195 102 7 10 408 420 421 422 441 448 484 485 486 494 495 496 832
445 4.562818 10.174326 0.217316 6.543941 2.822638 92.090586 0.028310 82 413 415 424 427 431 442 443 446 447 449 453 455 456 461 462 469 471
446 3.149140 9.469033 0.243426 -3.616105 -3.322674 -178.986703 0.023929 96 6 427 433 442 443 445 447 449 450 458 459 461 462 469
447 3.854527 9.483603 0.228785 -3.776378 -0.756585 -179.131566 0.038282 52 427 433 442 443 445 446 449 450 462 469
448 5.330138 6.091453 -0.081824 -0.510820 -4.455251 90.879093 0.024400 90 7 23 406 412 421 422 428 444 451 454 484 485 486 493 494 495 496
449 4.593093 9.512073 0.235049 0.448829 -2.935125 91.285250 0.089981 32 424 427 442 445 446 447 455 462 469
450 3.155668 8.808781 0.230516 -4.333302 4.524114 -88.770070 0.032191 70 6 428 433 434 436 437 438 439 446 447
451 5.301011 5.381741 0.034618 -38.977112 22.176093 -5.509762 0.088923 28 7 406 412 422 448 454 457 460 463 485 492 493 494 495
452 5.365360 12.348274 0.225459 2.772397 -7.114035 91.144777 0.025225 98 413 424 426 427 429 430 440 453 455 456 459 461 471 472
453 4.610736 11.602148 0.263694 1.777560 -6.005990 91.849420 0.018962 114 413 424 427 430 440 445 452 455 456 458 459 461 462 469 471
454 4.666232 5.623022 -0.090119 1.213547 1.905381 0.855356 0.052357 42 7 406 412 422 448 451 457 460 463 491
455 4.608181 10.915763 0.192229 0.674016 -6.633563 92.907704 0.030930 78 413 424 427 430 440 442 443 445 449 452 453 456 458 461 462 469 471
456 3.860137 12.209351 0.347442 2.719709 -2.640434 90.312091 0.035562 60 429 440 443 445 452 453 455 458 459 461 462 469 471
457 5.349812 4.790945 0.016024 -8.477184 6.737718 1.614901 0.027241 82 5 7 10 406 412 425 451 454 460 463 468 491 492 493
458 3.210813 11.520825 0.367877 -2.967192 3.012231 -88.179043 0.016717 126 442 443 446 453 455 456 459 461 462 469 471
459 3.191753 12.206383 0.382014 2.560402 -2.386563 90.903065 0.028213 78 440 442 443 446 452 453 456 458 461 462 469 471
460 4.704902 4.919375 0.066545 6.441539 -7.056954 -179.287398 0.033628 70 5 7 10 406 451 454 457 463 468 491
461 3.878642 11.525032 0.330536 2.474577 -2.268718 92.704255 0.021991 92 440 442 443 445 446 452 453 455 456 458 459 462 469 471
462 3.197726 10.851803 0.329905 -4.622418 -2.776372 -179.224702 0.013485 158 424 427 442 443 445 446 447 449 453 455 456 458 459 461 469
463 4.734503 4.185071 0.105598 4.242833 -5.847612 179.985624 0.014874 140 5 7 10 406 451 454 457 460 467 468 482 491
464 3.280700 2.100852 0.291136 4.706566 1.614774 91.046863 0.019270 114 23 423 470 475 480 483
465 3.073596 6.053502 0.085404 -2.299359 2.554135 4.809541 0.009659 218 29 401 402 403 404 408 409 410 428 466 484 485 486 832
466 3.130784 5.370165 0.125366 -3.580364 1.497721 4.299746 0.008906 232 401 402 403 404 407 410 411 419 465 481 486 832
467 5.460088 3.585227 0.093935 4.507601 4.632285 92.963108 0.033404 66 10 463 468 473 478 482
468 5.411503 4.211576 0.060141 4.206715 -3.916115 -177.642631 0.023196 90 10 457 460 463 467 482
469 3.874184 10.847276 0.307125 -1.417369 2.380054 -88.013829 0.019557 108 424 427 442 443 445 446 447 449 453 455 456 458 459 461 462
470 4.117730 2.150156 0.259803 5.239578 2.948237 93.393789 0.016943 146 10 23 464 473 474 478 480 483
471 4.607766 12.302493 0.391541 2.130045 -11.061681 90.653604 0.045273 56 413 424 426 429 430 440 445 452 453 455 456 458 459 461
472 6.734054 12.372198 -0.049616 1.976907 -1.938415 91.532852 0.037675 58 426 429 430 440 452 487 488 500
473 5.545166 3.065892 0.127006 -4.232654 3.723207 2.132307 0.019158 112 10 467 470 474 478 482
474 4.850708 2.269199 0.242834 4.617725 3.741354 91.999458 0.031177 66 10 470 473 478
475 2.584979 2.761418 0.304941 -14.518099 8.903312 1.691959 0.006648 326 23 414 423 464 479 483
476 6.032326 2.794266 -0.051408 0.169408 -5.346089 92.347881 0.044365 48 1 405 498 499
478 4.927595 3.014422 0.174163 -3.078872 3.974880 3.410623 0.021774 100 10 467 470 473 474 482
479 2.559681 4.048700 0.258090 -2.375535 -2.280367 -85.704136 0.008017 280 3 23 401 407 411 414 423 475 481 832
480 4.042827 2.804333 0.224434 -3.042126 5.998736 7.346644 0.105317 18 23 464 470 483
481 2.503707 4.679895 0.206680 1.907629 2.505388 94.849741 0.013356 178 3 23 401 402 403 404 407 411 417 419 423 466 479 832
482 4.767382 3.572419 0.139116 -6.366693 -3.493726 -85.257940 0.058756 42 10 463 467 468 473 478
483 3.254375 2.772620 0.263063 6.142235 2.221369 95.362732 0.014629 142 23 423 464 470 475 480
484 3.867869 6.056283 -0.013862 8.140087 7.889265 91.635101 0.034026 76 7 10 23 404 408 409 410 412 420 421 422 428 441 444 448 465 485 486 493 495 832
485 4.594222 6.086476 -0.125152 2.660450 -2.637654 90.128154 0.028778 74 7 10 23 408 409 412 422 428 432 438 439 441 444 448 451 465 484 486 493 832
486 4.569487 6.809071 -0.060777 1.677022 -4.152818 92.794347 0.014002 178 7 10 23 29 402 403 404 408 409 410 412 420 421 422 428 432 436 438 439 441 444 448 465 466 484 485 493 495 832
487 6.708520 10.913579 -0.033830 1.522366 1.376255 2.988518 0.058051 38 413 424 426 427 429 430 440 472 488 500
488 6.721191 10.188399 -0.015043 -0.972393 -0.035917 -178.445397 0.030256 74 413 415 426 427 429 430 431 472 487 497 500
489 6.701007 8.186071 0.003497 -2.033796 0.837460 177.270877 0.047805 44 7 416 418 420 428 435 437 438 441 490 495 496
490 6.703591 8.826761 0.045125 1.140718 -0.912705 -0.524647 0.038098 58 7 415 416 418 428 431 435 437 438 441 489 497
491 6.683088 4.128209 -0.001611 -4.332333 3.837050 -179.599875 0.028483 76 7 405 406 412 425 454 457 460 463 492 493 498 499
492 6.661443 4.802337 0.067009 4.123431 -2.819673 -0.374088 0.028881 76 405 406 412 422 425 451 457 463 491 493 494 498
493 6.655294 5.446424 0.007929 -4.296877 0.679192 177.696488 0.025789 86 7 406 412 421 422 425 448 451 457 484 485 486 491 492 494 495
494 6.661312 6.095509 -0.023194 2.209171 2.739872 -90.860140 0.023586 88 7 406 412 420 421 422 444 448 451 492 493 495 496
495 6.679074 6.762884 -0.020279 4.300079 -4.134646 -2.435921 0.017873 122 7 408 412 420 421 422 441 444 448 451 484 486 489 493 494 496
496 6.698559 7.453573 -0.011440 -0.260653 -2.782015 87.097752 0.036050 56 420 421 422 441 444 448 489 494 495
497 6.701958 9.513484 0.021923 -2.956427 -3.749991 90.782756 0.041531 54 413 415 416 418 427 431 435 488 490
498 6.693585 3.464814 -0.040885 -4.294401 4.453895 176.662676 0.024376 84 1 405 406 425 476 491 492 499
499 6.695419 2.791312 -0.067564 1.731648 5.148444 -95.630209 0.024338 90 1 405 425 476 491 498
500 6.701657 11.660230 -0.063396 -1.931387 2.444010 -89.825942 0.032791 62 413 424 426 429 430 440 472 487 488
832 4.021814 4.898668 0.666710 86.060863 -4.548858 -78.433201 0.008277 258 10 29 401 402 403 404 407 411 414 417 419 423 444 465 466 479 481 484 485 486
