401 8.481548 10.863577 0.000000 -159.222762 -29.427341 8.470478 0.100000 0
402 9.809283 10.351023 0.000000 -19.525569 -0.000000 -87.813848 0.100000 0 401
403 8.408234 10.178077 0.000000 -30.470533 -6.237344 -87.690444 0.100000 0 401 402
404 9.906609 9.576778 0.000000 -159.804977 -24.099076 -87.413677 0.100000 0 401 402 403
405 6.267627 12.221265 0.000000 -21.196648 25.440014 3.617191 0.100000 0
406 6.414823 10.736587 0.000000 -155.868558 3.382158 -177.251042 0.100000 0 405
407 9.064828 10.909889 0.000000 -145.542912 -0.336554 2.739278 0.100000 0 401 402 403 404
408 8.463185 8.829219 0.000000 -166.505352 0.049126 94.776280 0.100000 0
409 9.131678 8.869422 0.000000 -157.455542 0.342211 -85.536659 0.100000 0 402 404 408
410 9.894919 8.927260 0.000000 -23.203592 25.714374 93.173269 0.100000 0 402 404 408 409
411 9.031490 11.582696 0.000000 -158.536013 23.301041 -178.415060 0.100000 0 401 403 407
412 6.416642 10.014918 0.000000 -144.869204 -1.762931 -177.077690 0.100000 0 406
413 6.324404 5.087588 0.000000 -160.826448 0.155040 2.440372 0.100000 0
414 9.119386 12.307765 0.000000 -35.300789 -1.097773 4.542174 0.100000 0
415 6.347340 5.886929 0.000000 -145.341003 1.629142 -179.666043 0.100000 0
416 6.294010 6.533718 0.000000 -155.348968 -0.213650 178.901228 0.100000 0 415
417 8.411539 12.286385 0.000000 -144.818404 0.049575 10.062139 0.100000 0 401 414
418 6.266104 7.223557 0.000000 -166.357418 0.412468 91.849106 0.100000 0 416
419 8.422466 11.591851 0.000000 -156.690261 0.371825 -173.962891 0.100000 0 401 403 407 411 414 417
420 6.282000 7.978446 0.000000 -157.752732 -0.130407 -0.630470 0.100000 0 418
421 6.576938 8.641048 0.000000 -33.383948 0.471129 -176.921734 0.100000 0 406 412
422 6.445081 9.348125 0.000000 -28.924161 0.044941 -176.633917 0.100000 0 406 412 421
423 9.775204 12.425567 0.000000 -32.216275 0.053241 -172.657260 0.100000 0 401 414 417 419
424 7.082955 4.378218 0.000000 146.349804 -2.897687 0.746451 0.100000 0
425 6.359536 11.503405 0.000000 152.695476 0.384097 -175.857328 0.100000 0 405 406 412
426 6.555371 2.978654 0.000000 -149.329726 -0.048939 -174.232260 0.100000 0
427 7.087213 5.132855 0.000000 -154.984534 -0.151292 90.929329 0.100000 0 415 416
428 7.891933 8.077881 0.000000 -155.500619 1.225605 -0.124634 0.100000 0 408 418 420 421 422
429 6.583027 3.698300 0.000000 155.179247 0.088330 -177.278069 0.100000 0 426
430 6.342229 4.409386 0.000000 -154.606133 -0.040103 -2.217823 0.100000 0
431 7.015240 5.901928 0.000000 142.107055 -0.052783 -88.105686 0.100000 0 415 416 418 427
432 8.391886 8.121482 0.000000 -158.237418 -2.687469 0.513033 0.100000 0 408 409 420 428
433 8.665799 6.590478 0.000000 -31.875143 -0.346349 -176.274085 0.100000 0 418 428
434 9.275799 7.241762 0.000000 142.751367 -1.110275 -178.679761 0.100000 0 433
435 7.020571 6.649666 0.000000 -146.666651 -0.191050 92.262675 0.100000 0 415 416 418 420 427 431 433
436 8.656761 7.322520 0.000000 -155.232176 2.120418 0.728964 0.100000 0 418 428 433 434 435
437 6.996524 7.330994 0.000000 149.243854 0.214030 92.403448 0.100000 0 416 418 420 421 428 431 433 435 436
438 7.987705 7.345233 0.000000 -162.764501 1.844766 -1.185250 0.100000 0 418 420 421 428 432 433 435 436 437
439 9.070808 8.147717 0.000000 154.088674 0.110214 -176.780816 0.100000 0 408 409 428 432
440 7.151491 3.750238 0.000000 -154.190132 -0.034839 2.618466 0.100000 0 426 429
441 7.023298 8.053578 0.000000 154.467056 0.049296 92.391113 0.100000 0 408 418 420 421 422 428 432 433 436 437 438 439
442 9.200425 5.163557 0.000000 -161.938377 1.258344 -179.090356 0.100000 0 433
443 8.504171 5.156761 0.000000 -153.348408 -0.093608 2.227193 0.100000 0 442
444 7.195622 8.703883 0.000000 -32.665873 -0.776557 -85.839358 0.100000 0 408 412 421 422 428 437 438 441
445 7.788398 5.137446 0.000000 -158.651998 -23.794189 -89.807127 0.100000 0 427 431 435 440 442 443
446 9.300867 5.921750 0.000000 -25.553231 25.600257 4.197059 0.100000 0 433 434 442 443 445
447 8.635150 5.902052 0.000000 -155.179575 3.945064 4.678202 0.100000 0 433 434 436 442 443 445 446
448 7.138132 9.358226 0.000000 140.941711 0.437116 -85.652668 0.100000 0 406 408 412 421 422 428 437 441 444
449 7.779844 5.836118 0.000000 -156.189720 -2.909872 -94.614770 0.100000 0 415 416 427 431 435 445
450 9.340927 6.627712 0.000000 23.758185 25.736073 94.145270 0.100000 0 418 433 434 435 436 437 438 442 443 446 447
451 7.058027 9.984786 0.000000 22.435829 0.326299 -179.460882 0.100000 0 406 412 421 422 444 448
452 7.212040 3.048124 0.000000 -25.439032 0.035056 -87.532208 0.100000 0 426 429 440
453 7.828862 3.754646 0.000000 -154.552105 -25.706613 -88.370215 0.100000 0 426 429 440 445 449 452
454 7.791496 10.032212 0.000000 -24.248544 25.576382 178.506354 0.100000 0
455 7.794743 4.432049 0.000000 -28.831745 -2.216103 -87.284720 0.100000 0 426 431 435 440 442 443 445 446 449 452 453
456 8.655237 3.113240 0.000000 -156.847455 -25.235526 -87.609274 0.100000 0 440 452 453
457 7.057702 10.839300 0.000000 -25.593032 25.551306 -177.874506 0.100000 0 406 412 422 425 451
458 9.268075 3.828325 0.000000 -28.339838 -2.336851 93.774104 0.100000 0 442 443 453 455 456
459 9.324584 3.167626 0.000000 -154.461455 24.607175 -86.665986 0.100000 0 453 456 458
460 7.702913 10.838315 0.000000 25.306336 24.901723 1.340394 0.100000 0 406 425 454 457
461 8.544539 3.773975 0.000000 -147.207817 -2.106307 -87.371657 0.100000 0 442 443 453 455 456 458 459
462 9.167123 4.468898 0.000000 -22.463551 25.582728 0.591063 0.100000 0 442 443 445 446 447 453 455 458 461
463 7.692015 11.540243 0.000000 -151.678734 2.063603 -1.466223 0.100000 0 406 425 454 457 460
464 8.987899 13.777905 0.000000 -165.591906 0.178840 -84.739302 0.100000 0
465 9.104449 9.545201 0.000000 -26.358761 26.990828 -178.659983 0.100000 0 401 402 403 404 408 409 410 432 439
466 9.158959 10.196873 0.000000 143.549876 -3.634168 -176.534445 0.100000 0 401 402 403 404 407 410 419 465
467 6.980749 12.235015 0.000000 -142.886496 -0.629327 -87.947000 0.100000 0 463
468 7.081603 11.459016 0.000000 -23.194833 24.566653 2.915658 0.100000 0 406 425 457 460 463 467
469 8.493117 4.467238 0.000000 -149.399018 3.724686 93.211003 0.100000 0 442 443 445 446 447 453 455 457 458 460 461 462 463
470 8.257346 13.820131 0.000000 -155.759365 1.808143 -83.951872 0.100000 0 464
471 7.965434 3.118298 0.000000 -25.049433 26.252359 -89.548315 0.100000 0 426 429 440 452 453 456 458 459 461
472 6.252189 2.937935 0.000000 -155.571620 -23.792521 -83.009389 0.100000 0 426 429 440 452
473 6.884559 12.979163 0.000000 -27.557099 25.310840 -177.320142 0.100000 0 467 470
474 7.537372 13.684724 0.000000 142.792465 -3.362593 -87.745876 0.100000 0 470 473
475 9.788454 13.058798 0.000000 -153.828483 -2.809006 -176.713954 0.100000 0 414 417 419 423
476 6.182341 12.924586 0.000000 -149.845866 0.206540 -84.328701 0.100000 0 405
478 7.566341 13.058524 0.000000 -25.537105 26.345022 -174.192504 0.100000 0 467 470 473 474
479 9.753711 11.764981 0.000000 141.778941 -4.783963 98.482854 0.100000 0 401 403 407 411 414 417 419 423 475
480 8.344815 12.814387 0.000000 -157.448299 2.767660 -167.015029 0.100000 0
481 9.839450 11.094429 0.000000 -154.271410 -0.465800 -83.775229 0.100000 0 401 402 403 404 407 411 419 466 479
482 7.707940 12.216287 0.000000 -27.035022 27.468948 91.945872 0.100000 0 463 467 468 473 478
483 9.090087 13.213737 0.000000 -155.123023 24.562543 -85.179504 0.100000 0 464 470
484 8.359215 9.520653 0.000000 25.667052 25.460644 -91.848571 0.100000 0 402 404 408 409 410 465
485 7.877036 9.448744 0.000000 -154.847160 -25.105204 -85.803133 0.100000 0 408 409 421 422 428 432 437 439 441 444 448 465
486 7.892714 8.774253 0.000000 -27.386069 25.139177 -84.407464 0.100000 0 408 409 421 422 428 432 437 439 441 444 448 465 485
487 5.915775 4.317720 0.000000 -152.566455 -24.614508 -170.433240 0.100000 0 426 429 452 472
488 5.641282 5.176785 0.000000 -142.377049 2.448452 2.081534 0.100000 0 415 416 431 435 487
489 5.576191 7.164325 0.000000 -162.544197 0.472046 0.316533 0.100000 0 416 418 431 435 437 438
490 5.639603 6.494591 0.000000 151.094191 0.033846 -178.139513 0.100000 0 415 416 418 427 431 435 437 449 487 488 489
491 5.663966 11.537005 0.000000 -150.646139 -0.038989 3.840031 0.100000 0 405 406 425 457 463 468
492 5.766078 10.814250 0.000000 149.690777 0.097178 178.737051 0.100000 0 405 406 412 422 425 451 457 468 491
493 5.660954 10.127947 0.000000 -140.545783 0.099585 -3.462920 0.100000 0 406 425 491 492
494 5.642350 9.439441 0.000000 152.211774 -0.195746 87.732996 0.100000 0 406 412 422 451 492
495 5.863109 8.592517 0.000000 -0.022304 1.746130 -177.570605 -0.451294 0 406 412 421 422 444 448 451
496 5.504215 7.897403 0.000000 0.315157 -1.685273 -87.170735 1.012409 0 418 420 435 437 438 441
497 5.702937 5.886977 0.000000 -158.791865 1.631861 -88.127636 0.100000 0 415 416 427 431 435 449 487 488 490
498 5.597055 12.135522 0.000000 -24.754864 27.311155 1.222798 0.100000 0 405 425 476 491 492
499 5.513924 12.832738 0.000000 -152.441205 3.385568 88.978150 0.100000 0 405 476 498
