1 6.779334 2.911937 1.046879 103.567152 -7.259840 -176.943059 0.072941 114 405 425 476 491 498 499
5 4.603768 5.897254 1.033932 103.775356 3.549830 100.289321 0.053373 112 7 454 457 460 463
6 3.045375 9.530718 1.036331 105.057049 9.630218 70.293647 0.070089 126 433 434 436 442 443 445 446 447 450
7 4.640352 5.818044 0.880236 -98.086202 -4.004614 -79.651370 0.022990 550 5 412 422 425 432 439 448 451 454 457 460 463 468 485 486
10 5.689038 3.607457 1.007513 -80.240976 7.660701 91.051524 0.006154 1468 417 463 464 467 470 473 474 478 480 482
401 3.957424 5.432283 0.572641 17.564500 -17.930113 -178.582391 0.002338 3476 402 403 404 407 408 411 417 419 465 466 479 481 484 486
402 2.611372 6.110681 0.876169 21.219316 20.764629 94.548915 0.008074 1278 401 403 404 407 409 410 465 466 481 484
403 3.936949 6.134015 0.351109 17.024116 17.436344 93.292298 0.007880 1496 401 402 404 407 408 411 419 465 466 479 481 484 486
404 2.552289 6.826595 0.664650 20.828403 15.185735 94.102401 0.005807 1498 401 402 403 407 408 409 410 465 466 481 484 485
405 6.298602 4.181116 0.327497 5.649525 -5.635402 -177.543805 0.011415 916 1 406 425 457 460 463 476 491 492 498 499
406 6.174298 5.585066 0.242475 -5.394602 6.406359 3.810217 0.013480 556 405 412 422 425 451 457 460 463 468 491 492 493 494 498
407 3.290169 5.467310 0.803259 18.766357 -16.934200 177.774727 0.018165 792 401 402 403 404 411 419 466 479 481 484
408 3.850370 7.493326 0.318987 -16.552531 -13.164408 -82.478261 0.008339 1824 401 403 404 409 410 420 428 432 434 436 437 438 439 441 444 448 465 466 484 485 486
409 3.145043 7.485186 0.371691 17.628861 12.344994 96.541604 0.006817 1194 402 404 408 410 428 432 434 436 439 465 484 485 486
410 2.492045 7.446621 0.554635 -18.989688 -13.679934 -85.311810 0.010010 926 402 404 408 409 432 434 436 465 466 484
411 3.321021 4.862495 0.952650 -18.385392 16.255330 -0.839670 0.075803 454 401 403 407 414 417 419 479 481 484
412 6.103041 6.282914 0.187717 -7.516103 4.295745 2.711096 0.015954 682 7 406 421 422 425 444 448 451 454 457 460 491 492 494 495
413 5.988878 11.208214 -0.360041 -4.567440 1.668921 -179.225187 0.015227 758 415 416 424 426 427 429 430 431 440 442 443 445 449 452 453 455 461 462 469 487 488 490 497 500 671
414 3.348434 4.078851 1.063545 15.135299 -16.725723 -178.469174 0.029072 402 411 417 419 423 475 479 483
415 5.980133 10.512384 -0.146140 -2.622785 2.621475 1.170369 0.001590 5168 413 416 418 427 429 430 431 435 437 449 487 488 489 490 497 500 1002
416 5.999386 9.809624 -0.106583 -2.470163 2.397141 -1.811827 0.015029 1102 413 415 418 427 428 430 431 435 437 449 487 488 489 490 497
417 4.046656 4.080194 0.885520 14.945747 -17.144518 -174.831084 0.015919 534 10 401 411 414 419 423 464 470 474 475 479 480
418 6.010432 9.120490 -0.077185 0.490233 -1.052011 -89.153129 0.016082 972 415 416 420 428 431 433 435 436 437 438 441 450 489 490 496
419 3.991209 4.762771 0.764992 -16.585793 17.018566 0.703464 0.003051 2414 401 403 407 411 414 417 423 466 475 479 481
420 6.009484 8.351861 0.017173 6.803461 -3.305817 178.852453 0.040366 502 408 418 428 432 435 436 437 438 441 489 496
421 5.983297 7.624119 0.053059 -7.175396 6.237989 0.895518 0.025903 256 412 422 428 437 438 441 444 448 451 485 486 495
422 6.025426 6.967741 0.123885 -6.662728 6.510173 3.962131 0.016647 944 7 406 412 421 428 437 441 444 448 451 454 457 460 485 486 492 493 494 495
423 2.678357 4.099564 1.230909 -15.951286 16.248164 2.642760 0.016711 604 414 417 419 475 479 483
424 5.234022 12.069492 -0.329104 2.509335 -7.254191 179.506914 0.118631 502 413 426 427 429 430 440 442 443 445 446 449 452 453 455 458 461 462 469 471 487 488 500
425 6.238239 4.877059 0.283723 -4.275006 7.422138 4.416934 0.011829 932 1 7 405 406 412 457 460 463 468 491 492 493 498
426 5.965205 13.387364 -0.124778 13.218549 -6.362673 0.094442 0.012951 798 413 424 429 430 440 452 453 455 471 472 487 488 497 500
427 5.253962 11.084990 -0.195307 -4.268340 -2.697667 -87.299065 0.003520 4367 413 415 416 424 429 430 431 435 440 442 443 445 447 449 453 455 461 462 469 488 490 497 672
428 4.600380 8.231455 0.137040 10.903662 -7.252703 -178.837515 0.009711 1378 408 409 416 418 420 421 422 432 433 434 435 436 437 438 439 441 444 448 449 465 485 486 489 496
429 5.929558 12.682474 -0.259565 11.571488 -3.598575 -2.055491 0.011758 788 413 415 424 426 427 430 440 452 453 455 471 472 487 488 497 500
430 5.914462 11.775485 -0.438963 29.506721 -10.905459 177.433615 0.259704 358 413 415 416 424 426 427 429 440 452 453 455 471 487 488 497 500 671
431 5.324301 10.474985 -0.113126 3.308369 3.853806 93.259971 0.001735 5208 413 415 416 418 427 435 437 442 445 446 447 449 455 469 487 488 489 490 497 672 1002
432 3.858026 8.156327 0.283107 11.343829 -17.659646 -178.154482 0.027255 1172 7 408 409 410 420 428 433 434 435 436 437 438 439 441 444 465 485 486
433 3.883046 9.694122 0.028903 -6.600655 6.423952 1.080976 0.019693 774 6 418 428 432 434 435 436 437 438 439 441 442 445 446 447 450
434 3.163329 9.039818 0.175607 -5.535265 8.914420 -0.534173 0.081377 670 6 408 409 410 428 432 433 435 436 438 439 446 447 450 465 486
435 5.320149 9.732513 -0.104872 1.136523 4.974171 -86.979152 0.009640 1664 415 416 418 420 427 428 431 432 433 434 436 437 438 441 443 445 447 449 450 455 488 489 490 496 497
436 3.913111 8.976423 0.073912 7.507313 -6.601618 179.215297 0.018983 750 6 408 409 410 418 420 428 432 433 434 435 437 438 439 441 446 447 450 465 486
437 5.326719 9.038240 -0.049935 -5.202081 -7.808249 -86.690833 0.009972 1646 408 415 416 418 420 421 422 428 431 432 433 435 436 438 441 444 447 448 449 450 485 486 489 490 496 497
438 4.586131 8.955757 0.007275 9.149765 -7.194763 179.955771 0.010916 900 408 418 420 421 428 432 433 434 435 436 437 439 441 444 447 450 489 496
439 3.186559 8.114825 0.438250 -5.318243 5.010355 4.150871 0.055510 696 7 408 409 428 432 433 434 436 438 441 447 450 465 484 485 486
440 5.222577 12.679131 -0.302647 -9.619904 3.088785 179.607520 0.012636 934 413 424 426 427 429 430 445 452 453 455 456 458 461 462 469 471 472 487 488 497 500
441 5.318698 8.278953 0.058188 -3.081042 -7.206296 -86.669319 0.016337 880 408 418 420 421 422 428 432 433 435 436 437 438 439 444 448 450 485 486 496
442 3.137142 11.107790 0.068224 -2.140375 8.044149 1.353961 0.019771 796 6 413 424 427 431 433 443 445 446 447 450 455 461 462 469
443 3.791451 11.111330 -0.030103 1.740275 -7.585558 -176.938899 0.029416 608 6 413 424 427 435 442 445 446 447 449 450 455 461 462 469
444 5.308078 7.567958 0.163536 6.509905 7.973341 92.892233 0.013650 818 408 412 421 422 428 432 437 438 441 448 451 454 485 486 494 495
445 4.462263 11.226312 -0.318775 2.498281 -3.648430 89.514327 0.022855 916 6 413 424 427 431 433 435 440 442 443 446 447 449 450 453 455 461 462 469
446 3.165805 10.429540 0.109930 0.950641 -8.749713 -179.052813 0.016483 846 6 424 431 433 434 436 442 443 445 447 450 455 462 469
447 3.842946 10.405088 0.028603 2.298319 -6.528107 -178.483011 0.016139 944 6 427 431 433 434 435 436 437 438 439 442 443 445 446 449 450 455 462 469
448 5.356759 6.896936 0.243495 5.780685 7.644894 94.267595 0.014677 890 7 408 412 421 422 428 437 441 444 451 454 485 486 494 495
449 4.587407 10.367689 -0.096430 3.700631 3.285412 89.259431 0.002251 4276 413 415 416 424 427 428 431 435 437 443 445 447 453 455 469 490 497 672
450 3.194406 9.736056 0.104051 -8.321669 -5.903436 -87.365584 0.014745 918 6 418 433 434 435 436 437 438 439 441 442 443 445 446 447
451 5.467404 6.134268 0.236150 -10.517667 8.634068 3.029189 0.024883 652 7 406 412 421 422 444 448 454 457 460 492 494 495
452 5.259115 13.373395 -0.181589 -4.224756 -10.660761 89.175370 0.020934 512 413 424 426 429 430 440 453 455 456 471 472 487 500
453 4.459174 12.628308 -0.274246 -0.397044 -5.681278 92.042942 0.015096 830 413 424 426 427 429 430 440 445 449 452 455 456 458 459 461 462 469 471 472 487 500
454 4.372735 6.084710 0.243589 4.873786 64.992181 7.637219 0.139156 178 5 7 412 422 444 448 451 457 460 463 485
455 4.434808 11.927789 -0.307774 1.960724 -4.338986 91.902105 0.019217 1020 413 424 426 427 429 430 431 435 440 442 443 445 446 447 449 452 453 458 461 462 469 500
456 3.688646 13.203824 -0.166249 5.176024 -1.236990 93.230760 0.025612 240 440 452 453 458 459 461 471
457 5.447201 5.428344 0.282274 -4.940964 7.175223 4.649210 0.039964 440 5 7 405 406 412 422 425 451 454 460 463 467 468 491 492
458 3.051086 12.447425 -0.068293 -7.151079 -0.335383 -85.554829 0.047743 166 424 440 453 455 456 459 461 462 469 471
459 3.014861 13.123476 -0.091384 6.537122 0.114841 93.898373 0.047122 120 453 456 458 461 471
460 4.723261 5.423784 0.362009 5.737549 -8.121495 -177.719143 0.020058 578 5 7 405 406 412 422 425 451 454 457 463 468 485
461 3.717134 12.472310 -0.127040 6.776030 2.009790 95.007926 0.027860 362 413 424 427 440 442 443 445 453 455 456 458 459 462 469 471
462 3.081372 11.759748 0.027207 2.604019 -8.547858 -177.661761 0.030119 470 413 424 427 440 442 443 445 446 447 453 455 458 461 469
463 4.742510 4.710850 0.406205 13.547684 -12.382735 179.279544 0.011275 798 5 7 10 405 406 425 454 457 460 467 468 482
464 3.249911 2.773944 0.972129 9.213589 6.795732 90.166186 0.014504 902 10 417 470 474 475 480 483
465 3.201013 6.814691 0.473469 -20.554592 21.294176 -1.068559 0.013199 1080 401 402 403 404 408 409 410 428 432 434 436 439 466 484 485 486
466 3.277222 6.145113 0.618037 -17.588376 18.013895 -2.117895 0.008050 1052 401 402 403 404 407 408 410 419 465 481 484 486
467 5.405614 4.037758 0.414091 11.319081 10.939026 92.638192 0.025307 612 10 457 463 468 473 478 482
468 5.438543 4.668757 0.268681 11.260037 -8.890784 -177.935798 0.070790 514 7 406 425 457 460 463 467 482 491 492
469 3.752882 11.768712 -0.058919 -7.362483 -2.413227 -85.463780 0.032232 674 413 424 427 431 440 442 443 445 446 447 449 453 455 458 461 462
470 4.041162 2.782222 0.860547 10.285039 8.732985 92.617791 0.011091 856 10 417 464 473 474 478 480 483
471 4.437207 13.290692 -0.214299 0.930389 -4.200283 90.648284 0.026353 300 424 426 429 430 440 452 453 456 458 459 461 500
472 6.617263 13.332394 -0.072051 -5.697523 -12.272107 90.057664 0.025941 444 426 429 440 452 453 487 500
473 5.376728 3.461673 0.524232 -10.847685 11.240802 -1.399333 0.006823 1102 10 467 470 474 478 482
474 4.738075 2.832810 0.752465 10.715221 9.114799 91.015661 0.006235 1276 10 417 464 470 473 478 480
475 2.694630 3.491813 1.382165 -18.833415 15.398033 -0.014114 0.047156 442 414 417 419 423 464 479 483
476 6.298838 3.464966 0.366831 5.415201 3.906440 95.587517 0.015430 598 1 405 498 499
478 4.711621 3.461803 0.641719 -9.766759 11.452602 0.955334 0.006570 1086 10 467 470 473 474 482
479 2.653037 4.791382 1.143610 -18.442173 -17.285681 -82.742497 0.012499 574 401 403 407 411 414 417 419 423 475 481
480 4.172858 3.415028 0.871468 -7.602127 8.772053 4.322736 0.500000 228 10 417 464 470 474
481 2.629118 5.460669 1.053693 23.329307 22.273263 97.843149 0.012634 780 401 402 403 404 407 411 419 466 479 511
482 4.744777 4.057683 0.540323 -11.033830 -9.210575 -85.384138 0.027598 386 10 463 467 468 473 478
483 3.225791 3.439978 0.897661 11.181718 6.865645 94.586688 0.024123 394 414 423 464 470 475
484 3.882722 6.778824 0.471296 9.361405 9.901928 91.978276 0.059352 516 401 402 403 404 407 408 409 410 411 439 465 466 485 486
485 4.655483 6.853065 0.352572 6.773360 9.172166 92.955387 0.020396 518 7 404 408 409 421 422 428 432 437 439 441 444 448 454 460 465 484 486
486 4.578757 7.507624 0.261969 7.669557 8.965683 94.750321 0.012880 938 7 401 403 408 409 421 422 428 432 434 436 437 439 441 444 448 465 466 484 485
487 6.679318 11.968075 -0.299878 7.715811 -2.207016 0.839421 0.012552 814 413 415 416 424 426 429 430 431 440 452 453 472 488 490 497 500 671
488 6.664029 11.213486 -0.277592 -1.650588 0.170051 -179.322817 0.009642 1042 413 415 416 424 426 427 429 430 431 435 440 487 490 497 500
489 6.681230 9.116406 -0.120711 3.017025 -2.505576 178.803546 0.024431 514 415 416 418 420 428 431 435 437 438 490 497
490 6.674939 9.790114 -0.144734 -2.352246 2.064822 1.635730 0.004480 2204 413 415 416 418 427 431 435 437 449 487 488 489 497
491 6.911688 4.935838 0.230861 4.589848 -3.045721 -176.604186 0.003722 2308 1 405 406 412 425 457 468 492 493 498
492 6.858453 5.629796 0.177744 -5.463035 3.771469 1.550656 0.008971 1152 405 406 412 422 425 451 457 468 491 493 494 498
493 6.851844 6.332189 0.120171 -0.727856 -0.556874 -179.322092 0.190988 204 406 422 425 491 492 494 498
494 6.714414 7.020419 0.069645 -4.084608 -5.515994 -88.555067 0.113998 332 406 412 422 444 448 451 492 493
495 6.690582 7.684073 -0.037436 -6.882212 4.869772 0.134588 0.070098 92 412 421 422 444 448 451
496 6.724258 8.390781 -0.076480 4.323054 4.815407 91.025510 0.150399 122 418 420 428 435 437 438 441
497 6.644790 10.514679 -0.177622 3.125735 1.485857 91.778631 0.001572 5252 413 415 416 426 427 429 430 431 435 437 440 449 487 488 489 490 500 672 1002
498 6.967497 4.243169 0.276721 4.934462 -2.292811 179.734481 0.011080 928 1 405 406 425 476 491 492 493 499
499 6.971694 3.534291 0.316614 -2.657334 -4.553550 -92.005526 0.015222 622 1 405 476 498
500 6.613699 12.666131 -0.201570 3.778088 10.393328 -90.475210 0.012011 932 413 415 424 426 429 430 440 452 453 455 471 472 487 488 497
511 2.700030 4.835132 1.365880 -23.789993 -22.808867 -82.329852 0.545152 2 481
1002 6.647026 9.884009 -0.096965 -0.621780 2.692745 -0.853688 0.500000 4 415 431 497
