401 8.489725 10.858663 0.000000 0.000000 -0.000000 6.113479 0.100000 0
402 9.849109 10.261363 0.000000 0.000000 -0.000000 -87.830737 0.100000 0
403 8.480525 10.124392 0.000000 0.000000 -0.000000 -86.373484 0.100000 0 401
404 9.874707 9.518522 0.000000 0.000000 -0.000000 -87.973830 0.100000 0 402
405 6.258604 12.247953 0.000000 0.000000 -0.000000 1.632608 0.100000 0
406 6.302251 10.822562 0.000000 0.000000 -0.000000 -176.915825 0.100000 0 405
407 9.142387 10.855141 0.000000 0.000000 -0.000000 3.279637 0.100000 0 401 402 403
408 8.476088 8.792322 0.000000 0.000000 -0.000000 95.926550 0.100000 0 401 403 404
409 9.181046 8.835090 0.000000 0.000000 0.000000 -85.217129 0.100000 0 402 404 408
410 9.894445 8.860384 0.000000 0.000000 -0.000000 92.709463 0.100000 0 402 404 408 409
411 9.103711 11.540980 0.000000 0.000000 -0.000000 -178.482323 0.100000 0 401 403 407
412 6.353697 10.108642 0.000000 0.000000 -0.000000 -178.277572 0.100000 0
413 6.308366 5.119938 0.000000 0.000000 -0.000000 1.906910 0.100000 0
414 9.107804 12.258655 0.000000 0.000000 -0.000000 5.114639 0.100000 0 411
415 6.307848 5.800010 0.000000 0.000000 -0.000000 -177.680083 0.100000 0 413
416 6.306168 6.531318 0.000000 0.000000 -0.000000 179.069808 0.100000 0 413 415
417 8.413098 12.263311 0.000000 0.000000 -0.000000 7.231005 0.100000 0 411 414
418 6.306277 7.257770 0.000000 0.000000 -0.000000 91.521804 0.100000 0 415 416
419 8.447934 11.577749 0.000000 0.000000 -0.000000 -175.804403 0.100000 0 401 403 407 411 414 417
420 6.299808 8.001863 0.000000 0.000000 -0.000000 -0.248093 0.100000 0 418
421 6.414724 8.713247 0.000000 0.000000 -0.000000 -179.102551 0.100000 0 418
422 6.407046 9.430195 0.000000 0.000000 -0.000000 -176.821374 0.100000 0 412
423 9.806832 12.342361 0.000000 0.000000 -0.000000 -175.938669 0.100000 0 414 417
424 7.142695 4.457316 0.000000 0.000000 -0.000000 2.181647 0.100000 0 413
425 6.275637 11.534327 0.000000 0.000000 -0.000000 -175.521608 0.100000 0 405 406
426 6.427026 3.056263 0.000000 0.000000 -0.000000 172.187431 0.100000 0 413 424
427 7.076761 5.165405 0.000000 0.000000 -0.000000 93.698172 0.100000 0 413 415 416 424
428 7.731179 8.090974 0.000000 0.000000 -0.000000 1.731489 0.100000 0 408 409 416 418 420 421
429 6.454769 3.770627 0.000000 0.000000 -0.000000 179.535567 0.100000 0 413 415 424 426 427
430 6.452613 4.433126 0.000000 0.000000 -0.000000 0.556867 0.100000 0 413 415 416 424 426 427 429
431 6.970205 5.853612 0.000000 0.000000 -0.000000 -85.986393 0.100000 0 413 415 416 418 427 430
432 8.458281 8.079608 0.000000 0.000000 -0.000000 1.915908 0.100000 0 408 409 410 420 428
433 8.557594 6.704883 0.000000 0.000000 -0.000000 -175.771638 0.100000 0 432
434 9.174311 7.395038 0.000000 0.000000 -0.000000 -176.929259 0.100000 0 408 409 410 428 432 433
435 6.992229 6.628645 0.000000 0.000000 -0.000000 94.646923 0.100000 0 415 416 418 420 421 428 431 432 433 434
436 8.533361 7.411022 0.000000 0.000000 -0.000000 2.237476 0.100000 0 408 409 410 418 420 428 432 433 434 435
437 6.980702 7.323304 0.000000 0.000000 -0.000000 94.455311 0.100000 0 415 416 418 420 421 428 431 432 435 436
438 7.842465 7.386235 0.000000 0.000000 -0.000000 2.049386 0.100000 0 408 418 420 428 432 433 434 435 436 437
439 9.147807 8.100797 0.000000 0.000000 -0.000000 -176.543601 0.100000 0 408 428 432 433 434 436
440 7.142177 3.798716 0.000000 0.000000 -0.000000 2.726665 0.100000 0 413 424 426 427 429 430
441 7.003477 8.039929 0.000000 0.000000 -0.000000 93.238789 0.100000 0 408 418 420 428 432 437 438 439
442 9.239720 5.268704 0.000000 0.000000 -0.000000 -177.270432 0.100000 0 413 424 427 431 433
443 8.564108 5.228066 0.000000 0.000000 -0.000000 4.065781 0.100000 0 413 424 427 433 435 442
444 7.090270 8.796668 0.000000 0.000000 0.000000 -88.217267 0.100000 0 408 422 432
445 7.807191 5.236754 0.000000 0.000000 -0.000000 -86.449188 0.100000 0 413 424 427 431 435 440 442 443
446 9.270219 5.981967 0.000000 0.000000 -0.000000 4.375729 0.100000 0 424 427 431 433 434 442 443 445
447 8.581510 5.986703 0.000000 0.000000 -0.000000 3.741995 0.100000 0 424 427 431 433 434 435 436 437 438 439 442 443 445 446
448 7.083748 9.494897 0.000000 0.000000 0.000000 -86.971765 0.100000 0 412 422 444
449 7.694727 5.947032 0.000000 0.000000 -0.000000 -89.678206 0.100000 0 413 415 416 424 427 428 431 435 437 443 445 447
450 9.236892 6.701499 0.000000 0.000000 -0.000000 94.741246 0.100000 0 433 434 435 436 438 439 442 443 445 446 447
451 7.086917 10.216101 0.000000 0.000000 -0.000000 -176.362277 0.100000 0 412 422 448
452 7.153297 3.101312 0.000000 0.000000 -0.000000 -88.362142 0.100000 0 413 424 426 429 430 440
453 7.867474 3.816878 0.000000 0.000000 0.000000 -85.751728 0.100000 0 413 424 426 427 429 430 440 445 452
454 7.785283 10.205567 0.000000 0.000000 -0.000000 -179.486348 0.100000 0 412 422 444 448 451
455 7.853338 4.517493 0.000000 0.000000 -0.000000 -85.277295 0.100000 0 413 424 427 429 430 431 440 442 443 445 446 447 449 453
456 8.583868 3.121434 0.000000 0.000000 -0.000000 -87.309505 0.100000 0
457 7.034489 10.902403 0.000000 0.000000 -0.000000 -177.993595 0.100000 0 405 412 422 425 448 451 454
458 9.242792 3.875314 0.000000 0.000000 -0.000000 93.916433 0.100000 0 424 440 453 455
459 9.260789 3.194891 0.000000 0.000000 0.000000 -86.451489 0.100000 0
460 7.714836 10.902098 0.000000 0.000000 -0.000000 0.121231 0.100000 0 405 412 422 425 448 451 454 457
461 8.562937 3.845912 0.000000 0.000000 0.000000 -85.705525 0.100000 0 413 424 427 440 442 443 445 453 455 458
462 9.255512 4.576833 0.000000 0.000000 -0.000000 3.020138 0.100000 0 413 424 427 431 442 443 445 446 447 453 455 458 461
463 7.748892 11.651946 0.000000 0.000000 -0.000000 0.204085 0.100000 0 405 425 457 460
464 9.110705 13.710598 0.000000 0.000000 -0.000000 -87.219490 0.100000 0 417
465 9.150556 9.498114 0.000000 0.000000 -0.000000 168.830330 0.100000 0 401 402 403 404 408 409 410 428 432 434 436 439
466 9.210661 10.205576 0.000000 0.000000 -0.000000 -176.637863 0.100000 0 401 402 403 404 407 408 410 465
467 7.031944 12.313273 0.000000 0.000000 -0.000000 -86.409200 0.100000 0 457 463
468 7.090079 11.617667 0.000000 0.000000 -0.000000 4.067306 0.100000 0 457 460 463 467
469 8.570288 4.549498 0.000000 0.000000 -0.000000 94.455503 0.100000 0 413 424 427 431 440 442 443 445 446 447 449 453 455 458 461 462
470 8.337994 13.694694 0.000000 0.000000 0.000000 -85.511605 0.100000 0 417 464
471 7.886486 3.096421 0.000000 0.000000 -0.000000 -88.296501 0.100000 0 424 426 429 430 440 452 453
472 5.744043 3.088518 0.000000 0.000000 0.000000 -88.139988 0.100000 0 426 429 440 452
473 6.997689 13.018769 0.000000 0.000000 -0.000000 -176.885137 0.100000 0 467
474 7.658673 13.685646 0.000000 0.000000 -0.000000 -86.843527 0.100000 0 417 464 470 473
475 9.792642 12.968922 0.000000 0.000000 -0.000000 -177.335178 0.100000 0 414 423 464
476 6.277427 12.990428 0.000000 0.000000 -0.000000 -86.730075 0.100000 0 405
478 7.659650 13.054546 0.000000 0.000000 -0.000000 -175.265088 0.100000 0 464 470 473 474
479 9.818662 11.648272 0.000000 0.000000 -0.000000 94.403196 0.100000 0 401 407 411 419
480 8.424003 12.963353 0.000000 1.618074 -2.238232 -174.103989 0.018416 0 417 464 470 474 478
481 9.824310 10.966946 0.000000 0.000000 -0.000000 -86.001645 0.100000 0 401 402 407 411 419 479
482 7.729290 12.370106 0.000000 0.000000 -0.000000 93.394945 0.100000 0 463 467 468
483 9.106787 13.026595 0.000000 0.000000 -0.000000 -84.492685 0.100000 0 414 423 464 475
484 8.501598 9.461032 0.000000 0.000000 -0.000000 -88.736874 0.100000 0 401 402 403 404 407 408 409 411 439 465 466
485 7.772738 9.473500 0.000000 0.000000 0.000000 -89.662508 0.100000 0 404 408 409 444 448 454 460 465 484
486 7.791109 8.789279 0.000000 0.000000 0.000000 -85.449519 0.100000 0 401 403 408 409 422 428 432 434 436 439 444 448 465 466 484 485
487 5.667235 4.412282 0.000000 0.000000 -0.000000 -177.484015 0.100000 0 413 415 416 424 426 429 430 431 440 452 453
488 5.640462 5.089931 0.000000 0.000000 -0.000000 3.174996 0.100000 0 413 415 416 424 426 429 430 431 440 452 487
489 5.617190 7.241773 0.000000 0.000000 -0.000000 0.520495 0.100000 0 415 416 418 420 428 431 435 437
490 5.629554 6.494502 0.000000 0.000000 -0.000000 -177.633286 0.100000 0 413 415 416 418 427 431 435 437 449 487 488 489
491 5.609702 11.501171 0.000000 0.000000 -0.000000 3.501090 0.100000 0 405 406 425 457
492 5.654872 10.791419 0.000000 0.000000 -0.000000 -179.576634 0.100000 0 405 406 412 422 425 491
493 5.684299 10.103588 0.000000 0.000000 -0.000000 -0.605879 0.100000 0 422 492
494 5.709686 9.421237 0.000000 0.000000 -0.000000 90.210507 0.100000 0 412 422 444 448 492 493
495 5.735524 8.687888 0.000000 0.000000 -0.000000 179.264323 0.100000 0
496 5.559905 7.973542 0.000000 0.000000 -0.000000 -91.460061 0.100000 0 418 420 428 435 437 438 441
497 5.641421 5.774724 0.000000 0.000000 0.000000 -86.996126 0.100000 0 413 415 416 426 427 429 430 431 435 437 440 449 487 488 489 490
498 5.602939 12.206040 0.000000 0.000000 -0.000000 -0.629658 0.100000 0 405 406 425 457 476 491 492
499 5.604261 12.941252 0.000000 0.000000 -0.000000 86.233244 0.100000 0 405 476 498
500 5.751802 3.749814 0.000000 0.000000 -0.000000 91.844578 0.100000 0 413 415 424 426 429 430 440 452 453 455 471 472 487 488 497
