1603880810l.019303913l 6.027152 10.561051 -1.536209 1.000000 1.000000 1.000000 0.547723
1603880810l.084976635l 6.056265 10.688861 -1.557207 1.000000 1.000000 1.000000 0.547723
1603880810l.187739328l 6.065227 10.519269 -1.555801 1.000000 1.000000 1.000000 0.547723
1603880810l.252811556l 6.058763 10.543197 -1.556056 1.000000 1.000000 1.000000 0.547723
1603880810l.353579801l 6.054261 10.655981 -1.557948 1.000000 1.000000 1.000000 0.547723
1603880810l.386603759l 6.031284 10.482559 -1.539893 1.000000 1.000000 1.000000 0.547723
1603880810l.452359594l 6.049869 10.636684 -1.559512 1.000000 1.000000 1.000000 0.547723
1603880810l.521068377l 6.056985 10.634466 -1.558713 1.000000 1.000000 1.000000 0.547723
1603880810l.553361640l 6.032650 10.504471 -1.543706 1.000000 1.000000 1.000000 0.547723
1603880810l.586027985l 6.058379 10.614668 -1.563886 1.000000 1.000000 1.000000 0.547723
1603880810l.652749460l 6.056136 10.614322 -1.558689 1.000000 1.000000 1.000000 0.547723
1603880810l.752959593l 6.057455 10.585492 -1.557097 1.000000 1.000000 1.000000 0.547723
1603880810l.822386139l 6.043736 10.416004 -1.548886 1.000000 1.000000 1.000000 0.547723
1603880810l.887340271l 6.040661 10.390189 -1.544187 1.000000 1.000000 1.000000 0.547723
1603880810l.988292083l 6.057196 10.552639 -1.557779 1.000000 1.000000 1.000000 0.547723
1603880810l.989062117l 6.053447 10.376780 -1.548788 1.000000 1.000000 1.000000 0.547723
1603880811l.087825357l 6.044936 10.360878 -1.547970 1.000000 1.000000 1.000000 0.547723
1603880811l.122357434l 6.047532 10.513817 -1.563498 1.000000 1.000000 1.000000 0.547723
1603880811l.121038651l 6.040465 10.356499 -1.543463 1.000000 1.000000 1.000000 0.547723
1603880811l.187427317l 6.059418 10.486565 -1.564673 1.000000 1.000000 1.000000 0.547723
